00345307000124
01914565000147
02650047000126
02795922000168
02967526000170
03439215000100
04096733000122
06913480001725
06923058000193
08856788000144
09005784000115
10851290000130
11453489000173
12599947000140
13176076000114
14215386000163
17180188000108
18776274000132
21296885000198
21507007000174
24691492000177
25247053000132
31292568000157
43048644000162
43372168000130
46044053007622
48877989000304
61186490000904
61186490002281
61186490003091
07247209000446
07247209000527
37679287000138
38297932000110
33363295000110
33581178000203
22161444000141
08152711000193
05763921001282
05763921002688
35412891000178
36026238000133
10227704000155
30620599000208
32219736000141
02509372000173
21578185000358
72699408000104
74552068001353
74552068001515
74552068002910
74552068004026
74552068004107
75818849000176
19044823000147
19188179000180
14122780000157
03891846000157
06149576000100
17463963000124
00878608000113
42179671000101
01722919000151
03577317000183
04679597000101
04839230000108
06913480001806
06913480002020
07027604000170
08341490000100
08869805000188
10428334000114
10876933000109
11586433000197
11645865000121
12051739000101
12720107000193
13231916000102
13564071000169
46044053003805
46755062000104
61186490000661
61186490001471
61186490002109
61186490002524
61186490003415
62277041000187
07247209000365
49596323000189
49992431000170
37253141000126
37256591000172
33540018001026
33581178000122
08024894000161
08257028000110
05675874000162
05763921000804
05763921002173
05763921002254
35475057000121
02509375000107
21578185000196
21578677000181
74552068000462
74552068003488
10452855000298
10580100000198
17908164000114
12427747000100
00643504000120
18627567000158
00253137002010
02710474000233
03383010000141
04323643000127
05381281000274
05381281000940
05381281001084
06913480000168
06913480000249
06913480001997
06913480002535
06913480003183
07022753000147
07954896000359
08001534000144
15824932000126
21158952000108
21244766000191
25302424000131
27315263000146
43130186000106
61186490000238
61186490001552
61186490001633
61186490002796
61186490003172
32705878000119
51304798000104
33540018001107
11901669000170
08023502000140
05763921002416
23486219000148
11226254000149
21648718000169
14552063000165
28166944000152
28275041000100
74552068000110
74552068001604
74552068001868
74552068003720
12368112000189
19512808000186
03150297000160
31505975000103
00450577000103
01179189000194
01914565000228
02795922000400
03434295000283
03439215000282
03456249000102
04249980000111
04768893000170
06913480000834
06913480001210
07768692000242
07963623000109
08461939000165
10325530000163
10723099000375
10922631000111
17134654000100
18136195000167
19268594000144
20856326000122
27122305000122
28392867000159
30725294000180
31415054000141
61186490001129
61186490003504
57424244000119
22005988000114
05763921000472
05763921000715
05763921002092
35760340000103
30620599000127
02477571000147
21578185000277
14572600000139
28311810000188
74552068001949
74552068002678
74552068003054
74552068003569
10451182000170
66521337000152
04401145000155
13853335000102
06074543000130
00611522000120
40773865000105
42771816000169
00225205000175
01751671000157
05381281000193
05381281000789
06913480000320
06913480002101
10925002000145
10991299000147
12097142000106
13244709000184
14276283000103
14335542000200
14393129000200
19769349000110
20291715000158
26073737000128
27220090000182
31750054000106
31868757000125
31978612000187
33857205000147
44251171000169
46044053002906
61186490001390
67585703000108
49577968000174
37565423000169
08183344000195
05763921001100
05763921002335
09628208000124
02318378000163
02461250000154
13540173000144
28272142000127
74552068001000
74552068001191
74552068001272
74552068001434
74552068002244
74552068002759
74552068003640
75818849000257
39782450000119
19632360000134
07723308000104
12825167000170
08648972000107
00253137002100
01282346000192
03591139000145
04897645000120
05381281000860
05948981000117
06002808000194
06913480000400
07960562000126
08002853000174
08971736000119
10427868000126
12142811000106
14244379000190
19242311000195
19877300000181
22904238000184
25293115000142
43525419000170
44006294000134
46044053003716
46044053004607
46044053005417
61186490000823
61186490002010
61186490002605
61186490003253
61983730000144
86390929000190
07247209000101
07247209000799
07247209001094
34762506000150
33368108000190
08224726000110
05763921000120
05763921000634
05763921000987
05763921001606
02509375000298
11257913000104
11414456000203
14681673000169
28108756000178
74552068002325
74552068002830
74552068003801
17948005000143
04436976000162
39329154000167
03861239000144
40965153000198
03489249000109
04214651000305
04807044000189
05413822000118
05890658000130
05943131000126
06913480001563
06913480002616
06913480002705
06913480002969
08580849000193
10909925000103
13694232000139
14335542000120
17223665000167
18771318000131
19224467000143
20864251000121
21045275000111
21072833000138
22341488000153
22692202000184
23784454000104
24783601000186
27627326000108
27813731000102
28536267000117
30373967000180
34927582000178
43364785000194
45782083000156
46044053003554
48557508000545
61087367000189
61186490000408
61186490002443
67959015000233
07247209000608
16921820000156
49324221000880
52780376000160
08224726000209
05763921000391
05763921001363
05763921001525
05763921002505
36703832000111
09627053000101
21578185000439
14565694000119
74552068002406
74552068003992
74552068004298
10452855000107
66546565000187
13913490000240
17473233000104
08665372000149
01257995000133
02815733000100
03434295000100
03463731000161
04225914000101
05381281001670
05432119000157
05497027000155
06913480003264
07007892000100
07398374000156
07909230000117
08370093000158
09548373000176
12099919000163
12099919000325
13297736000115
13827235000101
15146288000184
20269470000162
26127348000138
26434271000149
28392867000230
29090612000102
30119798000156
30864405000139
31347922000101
61186490000157
61186490000742
61186490001200
61186490002958
61186490003334
62277041001078
68815141000104
07247209000870
07247209000950
51185064000145
51304798002301
53135232000113
37049964000134
08196977000138
05763921000200
05763921001010
05763921001959
05784234000190
28814105000101
05044768000180
05089544000195
11306186000128
11369044000100
14480741000121
13498599000187
74155052000254
74552068001787
74552068002082
74552068002163
74552068002597
10615750000121
17983920000170
18956352000180
39516380000157
03714898000158
19693295000157
00616947000121
41761961000104